72
# x z
0	-77.01000976563
4.851659509	-74.73327636719
8.678168009	-72.27001953125
12.87376013	-70.52001953125
17.70595945	-68.10668945313
22.23519957	-65.49584960938
26.33010634	-63.73999023438
30.91064703	-61.00500488281
34.86151173	-59.41589355469
39.1245	-57.28405761719
43.58672504	-54.44494628906
48.17858964	-52.68750000000
52.27245929	-51.36328125000
57.33617096	-49.41589355469
61.87291007	-48.00671386719
66.89590496	-46.59667968750
71.79511195	-45.34497070313
76.33125245	-43.90490722656
81.17793851	-42.87585449219
86.14627792	-41.89672851563
90.58336381	-40.88281250000
95.72177861	-40.23669433594
100.4871838	-39.40002441406
105.1261361	-38.65991210938
108.3784503	-37.87133789063
113.349644	-36.69995117188
117.8979919	-35.50500488281
122.4549734	-34.38500976563
127.0562789	-33.44995117188
131.9277173	-32.16320800781
136.6070115	-31.10742187500
141.2502014	-30.04858398438
146.2097733	-28.80993652344
150.7194088	-27.91320800781
155.5364668	-26.96252441406
160.0932981	-26.27990722656
164.848593	-24.86791992188
169.6518568	-23.90002441406
174.5963301	-22.84790039063
179.3832202	-22.17993164063
184.3004965	-21.61499023438
189.1526579	-21.02197265625
193.8572684	-20.92822265625
198.9101908	-20.50329589844
203.6617286	-19.54248046875
208.5014595	-20.03991699219
213.3245661	-20.56665039063
218.1791395	-21.60827636719
221.5549381	-22.10400390625
226.3965309	-22.14672851563
231.1947943	-22.07995605469
236.071525	-21.39172363281
240.8105994	-20.78320312500
245.6047974	-19.22851562500
250.1612658	-17.64819335938
255.0494419	-16.15625000000
259.0577806	-15.20996093750
264.1415113	-13.76000976563
267.9731936	-12.11499023438
272.7544056	-10.65490722656
277.8562322	-10.34399414063
282.1941334	-9.10998535156
287.3326034	-9.15417480469
292.2731411	-8.46398925781
297.1573067	-7.91491699219
301.8288305	-6.96398925781
306.4406476	-5.21997070313
310.8096487	-3.46740722656
315.7052336	-2.00000000000
320.3246094	-0.94580078125
325.2017641	-0.58752441406
329.8141266	0.00000000000


1349
# s	g	t
1	2	0.011477987
1	3	0.014308176
1	4	0.017138365
1	5	0.020597484
1	6	0.022169811
1	7	0.022798742
1	8	0.025314465
1	9	0.027201258
1	10	0.028773585
1	11	0.029402516
1	12	0.034748428
1	13	0.039150943
1	14	0.041352201
1	15	0.04072327
1	16	0.043867925
1	17	0.044496855
1	18	0.046698113
1	19	0.049528302
1	20	0.049842767
1	21	0.050471698
1	22	0.049528302
1	23	0.047641509
1	24	0.044496855
1	25	0.044496855
1	26	0.044811321
1	27	0.047641509
1	28	0.047327044
1	29	0.049213836
1	30	0.050786164
1	31	0.053301887
1	32	0.058962264
1	33	0.060534591
1	34	0.058647799
1	35	0.062735849
1	36	0.060220126
1	37	0.060849057
1	38	0.064308176
1	39	0.066509434
1	40	0.071540881
1	41	0.077201258
1	42	0.077830189
1	43	0.07908805
1	44	0.078773585
1	45	0.08254717
1	46	0.080660377
1	47	0.082861635
1	48	0.084433962
1	49	0.084748428
1	50	0.085691824
1	51	0.090408805
1	52	0.087578616
1	53	0.088207547
1	54	0.089465409
1	55	0.092295597
1	56	0.092924528
1	57	0.095754717
1	58	0.095754717
1	59	0.097327044
1	60	0.101100629
1	61	0.104559748
1	62	0.108018868
1	63	0.10927673
1	64	0.113993711
1	65	0.118396226
1	66	0.118396226
1	67	0.126257862
1	68	0.124685535
1	69	0.125314465
1	70	0.12908805
1	71	0.13254717
1	72	0.133176101
5	1	0.020532915
5	2	0.019278997
5	3	0.015203762
5	4	0.009247649
5	6	0.011755486
5	7	0.015830721
5	8	0.020532915
5	9	0.021786834
5	10	0.023667712
5	11	0.026175549
5	12	0.026175549
5	13	0.035266458
5	14	0.036520376
5	15	0.036833856
5	16	0.037774295
5	17	0.039968652
5	18	0.041222571
5	19	0.044670846
5	20	0.044984326
5	21	0.045924765
5	22	0.043416928
5	23	0.043416928
5	24	0.040909091
5	25	0.041222571
5	26	0.040909091
5	27	0.043103448
5	28	0.044670846
5	29	0.046551724
5	30	0.048119122
5	31	0.048432602
5	32	0.049059561
5	33	0.057210031
5	34	0.055329154
5	35	0.060031348
5	36	0.05815047
5	37	0.05815047
5	38	0.060031348
5	39	0.061285266
5	40	0.063479624
5	41	0.06630094
5	42	0.068181818
5	43	0.071316614
5	44	0.074137931
5	45	0.076645768
5	46	0.076959248
5	47	0.077899687
5	48	0.078840125
5	49	0.080721003
5	50	0.083855799
5	51	0.088557994
5	52	0.084482759
5	53	0.085109718
5	54	0.085423197
5	55	0.090125392
5	56	0.090752351
5	57	0.09169279
5	58	0.092946708
5	59	0.093573668
5	60	0.097335423
5	61	0.101097179
5	62	0.101724138
5	63	0.104545455
5	64	0.101410658
5	65	0.101724138
5	66	0.102978056
5	67	0.107680251
5	68	0.112382445
5	69	0.113636364
5	70	0.114576803
5	71	0.115830721
5	72	0.114576803
9	1	0.026886792
9	2	0.024056604
9	3	0.023427673
9	4	0.021855346
9	5	0.021226415
9	6	0.02091195
9	7	0.01745283
9	8	0.011792453
9	10	0.008018868
9	11	0.015251572
9	12	0.020597484
9	13	0.027830189
9	14	0.032861635
9	15	0.034119497
9	16	0.037578616
9	17	0.038836478
9	18	0.039779874
9	19	0.044496855
9	20	0.044811321
9	21	0.045440252
9	22	0.041666667
9	23	0.042295597
9	24	0.037264151
9	25	0.039465409
9	26	0.04009434
9	27	0.042295597
9	28	0.042295597
9	29	0.046383648
9	30	0.046698113
9	31	0.047641509
9	32	0.05581761
9	33	0.056761006
9	34	0.053930818
9	35	0.059591195
9	36	0.05581761
9	37	0.057075472
9	38	0.057704403
9	39	0.060534591
9	40	0.06745283
9	41	0.071540881
9	42	0.071855346
9	43	0.072169811
9	44	0.073427673
9	45	0.076886792
9	46	0.075314465
9	47	0.073742138
9	48	0.077201258
9	49	0.080974843
9	50	0.080974843
9	51	0.089150943
9	52	0.084119497
9	53	0.083176101
9	54	0.085691824
9	55	0.088836478
9	56	0.090408805
9	57	0.092610063
9	58	0.095440252
9	59	0.094811321
9	60	0.096383648
9	61	0.098899371
9	62	0.099528302
9	63	0.097327044
9	64	0.099842767
9	65	0.10172956
9	66	0.101415094
9	67	0.103930818
9	68	0.107704403
9	69	0.112421384
9	70	0.11336478
9	71	0.114622642
9	72	0.11336478
13	1	0.033176101
13	2	0.032232704
13	3	0.029402516
13	4	0.029402516
13	5	0.029402516
13	6	0.028144654
13	7	0.027201258
13	8	0.027201258
13	9	0.025943396
13	10	0.019654088
13	11	0.01336478
13	12	0.010534591
13	14	0.010849057
13	15	0.018396226
13	16	0.023113208
13	17	0.026572327
13	18	0.029402516
13	19	0.034748428
13	20	0.037893082
13	21	0.038522013
13	22	0.034433962
13	23	0.036006289
13	24	0.032232704
13	25	0.032861635
13	26	0.032861635
13	27	0.034748428
13	28	0.036006289
13	29	0.037893082
13	30	0.04072327
13	31	0.043238994
13	32	0.050471698
13	33	0.05172956
13	34	0.048584906
13	35	0.049842767
13	36	0.049842767
13	37	0.049842767
13	38	0.052987421
13	39	0.053616352
13	40	0.063679245
13	41	0.065880503
13	42	0.067138365
13	43	0.068081761
13	44	0.068710692
13	45	0.069025157
13	46	0.069025157
13	47	0.071540881
13	48	0.071540881
13	49	0.075
13	50	0.075943396
13	51	0.069968553
13	52	0.075628931
13	53	0.076886792
13	54	0.080660377
13	55	0.082232704
13	56	0.084748428
13	57	0.089150943
13	58	0.09009434
13	59	0.089465409
13	60	0.091981132
13	61	0.094811321
13	62	0.096383648
13	63	0.09827044
13	64	0.098584906
13	65	0.102672956
13	66	0.099528302
13	67	0.101100629
13	68	0.102672956
13	69	0.108647799
13	70	0.109591195
13	71	0.110220126
13	72	0.113679245
17	1	0.035062893
17	2	0.033490566
17	3	0.031603774
17	4	0.031603774
17	5	0.031289308
17	6	0.031918239
17	7	0.030031447
17	8	0.031289308
17	9	0.030345912
17	10	0.028144654
17	11	0.026572327
17	12	0.023113208
17	13	0.025628931
17	14	0.020597484
17	15	0.015251572
17	16	0.010849057
17	18	0.008647799
17	19	0.015880503
17	20	0.022169811
17	21	0.025943396
17	22	0.022484277
17	23	0.023742138
17	24	0.021855346
17	25	0.021226415
17	26	0.022169811
17	27	0.024685535
17	28	0.025943396
17	29	0.028144654
17	30	0.030974843
17	31	0.031918239
17	32	0.038522013
17	33	0.039465409
17	34	0.037893082
17	35	0.041666667
17	36	0.039779874
17	37	0.04009434
17	38	0.042610063
17	39	0.042924528
17	40	0.050157233
17	41	0.053301887
17	42	0.053301887
17	43	0.057389937
17	44	0.057704403
17	45	0.058333333
17	46	0.057389937
17	47	0.05990566
17	48	0.062421384
17	49	0.063050314
17	50	0.064937107
17	51	0.061477987
17	52	0.067138365
17	53	0.068081761
17	54	0.069339623
17	55	0.071540881
17	56	0.073742138
17	57	0.075314465
17	58	0.077515723
17	59	0.077515723
17	60	0.078773585
17	61	0.081289308
17	62	0.082232704
17	63	0.080345912
17	64	0.08254717
17	65	0.084433962
17	66	0.08663522
17	67	0.089465409
17	68	0.093238994
17	69	0.095125786
17	70	0.09827044
17	71	0.098584906
17	72	0.10172956
21	1	0.043867925
21	2	0.04072327
21	3	0.041037736
21	4	0.04009434
21	5	0.040408805
21	6	0.039465409
21	7	0.037578616
21	8	0.039465409
21	9	0.039150943
21	10	0.037264151
21	11	0.034119497
21	12	0.033176101
21	13	0.036006289
21	14	0.033490566
21	15	0.031918239
21	16	0.030031447
21	17	0.027201258
21	18	0.023427673
21	19	0.021540881
21	20	0.014937107
21	22	0.010849057
21	23	0.01336478
21	24	0.012735849
21	25	0.013993711
21	26	0.015251572
21	27	0.01745283
21	28	0.019025157
21	29	0.022798742
21	30	0.024685535
21	31	0.025628931
21	32	0.033805031
21	33	0.034748428
21	34	0.033176101
21	35	0.035691824
21	36	0.032861635
21	37	0.033805031
21	38	0.035691824
21	39	0.038522013
21	40	0.043867925
21	41	0.047012579
21	42	0.048899371
21	43	0.049528302
21	44	0.052044025
21	45	0.052044025
21	46	0.054245283
21	47	0.057389937
21	48	0.056761006
21	49	0.058018868
21	50	0.060534591
21	51	0.060534591
21	52	0.060849057
21	53	0.062421384
21	54	0.062106918
21	55	0.065880503
21	56	0.068710692
21	57	0.07091195
21	58	0.072484277
21	59	0.072798742
21	60	0.074371069
21	61	0.078144654
21	62	0.07908805
21	63	0.078459119
21	64	0.077201258
21	65	0.079402516
21	66	0.081918239
21	67	0.084119497
21	68	0.088522013
21	69	0.09009434
21	70	0.090408805
21	71	0.093553459
21	72	0.092295597
25	1	0.042924528
25	2	0.039150943
25	3	0.036949686
25	4	0.036949686
25	5	0.037893082
25	6	0.033490566
25	7	0.033490566
25	8	0.035691824
25	9	0.03663522
25	10	0.032861635
25	11	0.032232704
25	12	0.030031447
25	13	0.034119497
25	14	0.030974843
25	15	0.028144654
25	16	0.026257862
25	17	0.025
25	18	0.021540881
25	19	0.023113208
25	20	0.019025157
25	21	0.015880503
25	22	0.010220126
25	23	0.006761006
25	24	0.006761006
25	26	0.010220126
25	27	0.010849057
25	28	0.008962264
25	29	0.011792453
25	30	0.01336478
25	31	0.015880503
25	32	0.022484277
25	33	0.022169811
25	34	0.021540881
25	35	0.025314465
25	36	0.023427673
25	37	0.024371069
25	38	0.027830189
25	39	0.028773585
25	40	0.034433962
25	41	0.037578616
25	42	0.037578616
25	43	0.037578616
25	44	0.040408805
25	45	0.042295597
25	46	0.042610063
25	47	0.042924528
25	48	0.045754717
25	49	0.046698113
25	50	0.049842767
25	51	0.044496855
25	52	0.050157233
25	53	0.050157233
25	54	0.052044025
25	55	0.05581761
25	56	0.058962264
25	57	0.058962264
25	58	0.062421384
25	59	0.060849057
25	60	0.06336478
25	61	0.065880503
25	62	0.066509434
25	63	0.065251572
25	64	0.065880503
25	65	0.068710692
25	66	0.071226415
25	67	0.073427673
25	68	0.074685535
25	69	0.07908805
25	70	0.080974843
25	71	0.081603774
25	72	0.084748428
29	1	0.052044025
29	2	0.044811321
29	3	0.044811321
29	4	0.044496855
29	5	0.044811321
29	6	0.044811321
29	7	0.043867925
29	8	0.043553459
29	9	0.043867925
29	10	0.042295597
29	11	0.040408805
29	12	0.038836478
29	13	0.043553459
29	14	0.040408805
29	15	0.037578616
29	16	0.034433962
29	17	0.034119497
29	18	0.032861635
29	19	0.033176101
29	20	0.030660377
29	21	0.025943396
29	22	0.02091195
29	23	0.020597484
29	24	0.013993711
29	25	0.013679245
29	26	0.00990566
29	27	0.008333333
29	28	0.007389937
29	30	0.013679245
29	31	0.022169811
29	32	0.017767296
29	33	0.019968553
29	34	0.019339623
29	35	0.021540881
29	36	0.02091195
29	37	0.022798742
29	38	0.025
29	39	0.025628931
29	40	0.03254717
29	41	0.036320755
29	42	0.036949686
29	43	0.037893082
29	44	0.039465409
29	45	0.041037736
29	46	0.040408805
29	47	0.041037736
29	48	0.045125786
29	49	0.045440252
29	50	0.04827044
29	51	0.042924528
29	52	0.050157233
29	53	0.050786164
29	54	0.052358491
29	55	0.054559748
29	56	0.057075472
29	57	0.058647799
29	58	0.061792453
29	59	0.059591195
29	60	0.062421384
29	61	0.065566038
29	62	0.067138365
29	63	0.063679245
29	64	0.065880503
29	65	0.067767296
29	66	0.071540881
29	67	0.072798742
29	68	0.075943396
29	69	0.080974843
29	70	0.080031447
29	71	0.082232704
29	72	0.083176101
33	1	0.053616352
33	2	0.052044025
33	3	0.052044025
33	4	0.052044025
33	5	0.05172956
33	6	0.051100629
33	7	0.050157233
33	8	0.050471698
33	9	0.049528302
33	10	0.046383648
33	11	0.045440252
33	12	0.045440252
33	13	0.04827044
33	14	0.046383648
33	15	0.043553459
33	16	0.042610063
33	17	0.04072327
33	18	0.037264151
33	19	0.039150943
33	20	0.03663522
33	21	0.033490566
33	22	0.027515723
33	23	0.027201258
33	24	0.021226415
33	25	0.020283019
33	26	0.018396226
33	27	0.016823899
33	28	0.015566038
33	29	0.016194969
33	30	0.013050314
33	31	0.011163522
33	32	0.008333333
33	34	0.00990566
33	35	0.011477987
33	36	0.01336478
33	37	0.015251572
33	38	0.018710692
33	39	0.019968553
33	40	0.026572327
33	41	0.029716981
33	42	0.030974843
33	43	0.031918239
33	44	0.034119497
33	45	0.035377358
33	46	0.035691824
33	47	0.037264151
33	48	0.039779874
33	49	0.041037736
33	50	0.043553459
33	51	0.04009434
33	52	0.044811321
33	53	0.045440252
33	54	0.046069182
33	55	0.050471698
33	56	0.05172956
33	57	0.055188679
33	58	0.056132075
33	59	0.056446541
33	60	0.056761006
33	61	0.059591195
33	62	0.062106918
33	63	0.058647799
33	64	0.061792453
33	65	0.063050314
33	66	0.064308176
33	67	0.066194969
33	68	0.069339623
33	69	0.074371069
33	70	0.076572327
33	71	0.076886792
33	72	0.078144654
37	1	0.060849057
37	2	0.058333333
37	3	0.056446541
37	4	0.05581761
37	5	0.055188679
37	6	0.056132075
37	7	0.054874214
37	8	0.051100629
37	9	0.049213836
37	10	0.048899371
37	11	0.050786164
37	12	0.04827044
37	13	0.054559748
37	14	0.051415094
37	15	0.048584906
37	16	0.047327044
37	17	0.046069182
37	18	0.043553459
37	19	0.043867925
37	20	0.041981132
37	21	0.038522013
37	22	0.033490566
37	23	0.033176101
37	24	0.026886792
37	25	0.025943396
37	26	0.023742138
37	27	0.023742138
37	28	0.021855346
37	29	0.021855346
37	30	0.019968553
37	31	0.019025157
37	32	0.021855346
37	33	0.019654088
37	34	0.014622642
37	35	0.012106918
37	36	0.009591195
37	38	0.004559748
37	39	0.008333333
37	40	0.01336478
37	41	0.018710692
37	42	0.021855346
37	43	0.024056604
37	44	0.026257862
37	45	0.029716981
37	46	0.02908805
37	47	0.030031447
37	48	0.034433962
37	49	0.036006289
37	50	0.038207547
37	51	0.033805031
37	52	0.039779874
37	53	0.039465409
37	54	0.041981132
37	55	0.045440252
37	56	0.048584906
37	57	0.049842767
37	58	0.052044025
37	59	0.051415094
37	60	0.053930818
37	61	0.056132075
37	62	0.057704403
37	63	0.053930818
37	64	0.056446541
37	65	0.058333333
37	66	0.05990566
37	67	0.061792453
37	68	0.064937107
37	69	0.070283019
37	70	0.071226415
37	71	0.073427673
37	72	0.074371069
41	1	0.083805031
41	2	0.081289308
41	3	0.07908805
41	4	0.075628931
41	5	0.068710692
41	6	0.068710692
41	7	0.066194969
41	8	0.064937107
41	9	0.063679245
41	10	0.062735849
41	11	0.061792453
41	12	0.061477987
41	13	0.064308176
41	14	0.059591195
41	15	0.058962264
41	16	0.058018868
41	17	0.054874214
41	18	0.054245283
41	19	0.054559748
41	20	0.052044025
41	21	0.04827044
41	22	0.042295597
41	23	0.042295597
41	24	0.037578616
41	25	0.034433962
41	26	0.034119497
41	27	0.033805031
41	28	0.031289308
41	29	0.031603774
41	30	0.02908805
41	31	0.030031447
41	32	0.033805031
41	33	0.032861635
41	34	0.027201258
41	35	0.027201258
41	36	0.019968553
41	37	0.016823899
41	38	0.015566038
41	39	0.010849057
41	40	0.008647799
41	42	0.00990566
41	43	0.011792453
41	44	0.014308176
41	45	0.019339623
41	46	0.019654088
41	47	0.021226415
41	48	0.028773585
41	49	0.030974843
41	50	0.034748428
41	51	0.030974843
41	52	0.037264151
41	53	0.039465409
41	54	0.041037736
41	55	0.044496855
41	56	0.047327044
41	57	0.048899371
41	58	0.051415094
41	59	0.050786164
41	60	0.052672956
41	61	0.056446541
41	62	0.05581761
41	63	0.055503145
41	64	0.056446541
41	65	0.058647799
41	66	0.061477987
41	67	0.063050314
41	68	0.064937107
41	69	0.07091195
41	70	0.071540881
41	71	0.073113208
41	72	0.074056604
45	1	0.088207547
45	2	0.085062893
45	3	0.083490566
45	4	0.081603774
45	5	0.079716981
45	6	0.07908805
45	7	0.080345912
45	8	0.076257862
45	9	0.072484277
45	10	0.070283019
45	11	0.066509434
45	12	0.064937107
45	13	0.067138365
45	14	0.064937107
45	15	0.059591195
45	16	0.062735849
45	17	0.057075472
45	18	0.056446541
45	19	0.056446541
45	20	0.054874214
45	21	0.052987421
45	22	0.046698113
45	23	0.044496855
45	24	0.039779874
45	25	0.034119497
45	26	0.031918239
45	27	0.031289308
45	28	0.033176101
45	29	0.035377358
45	30	0.033805031
45	31	0.032861635
45	32	0.037264151
45	33	0.036320755
45	34	0.031289308
45	35	0.03254717
45	36	0.027201258
45	37	0.025314465
45	38	0.023427673
45	39	0.019968553
45	40	0.02091195
45	41	0.018081761
45	42	0.014622642
45	43	0.00990566
45	44	0.006446541
45	46	0.005188679
45	47	0.009591195
45	48	0.015880503
45	49	0.017767296
45	50	0.018081761
45	51	0.019339623
45	52	0.022798742
45	53	0.027515723
45	54	0.030660377
45	55	0.033176101
45	56	0.037893082
45	57	0.041037736
45	58	0.043553459
45	59	0.044811321
45	60	0.045754717
45	61	0.047327044
45	62	0.04827044
45	63	0.047955975
45	64	0.049528302
45	65	0.049842767
45	66	0.052044025
45	67	0.054245283
45	68	0.055188679
45	69	0.061477987
45	70	0.064937107
45	71	0.065251572
45	72	0.069025157
49	1	0.080031447
49	2	0.077515723
49	3	0.075943396
49	4	0.077515723
49	5	0.074371069
49	6	0.074685535
49	7	0.07091195
49	8	0.073742138
49	9	0.072798742
49	10	0.072169811
49	11	0.068710692
49	12	0.067767296
49	13	0.072798742
49	14	0.070283019
49	15	0.067767296
49	16	0.06745283
49	17	0.065251572
49	18	0.062735849
49	19	0.061792453
49	20	0.061477987
49	21	0.059591195
49	22	0.055188679
49	23	0.051415094
49	24	0.045754717
49	25	0.044811321
49	26	0.043867925
49	27	0.042610063
49	28	0.04072327
49	29	0.040408805
49	30	0.039779874
49	31	0.039465409
49	32	0.045125786
49	33	0.042924528
49	34	0.038207547
49	35	0.039465409
49	36	0.033490566
49	37	0.030974843
49	38	0.031603774
49	39	0.030974843
49	40	0.034433962
49	41	0.032861635
49	42	0.028773585
49	43	0.023427673
49	44	0.021855346
49	45	0.019654088
49	46	0.016194969
49	47	0.011477987
49	48	0.00927673
49	50	0.00990566
49	51	0.013050314
49	52	0.017767296
49	53	0.019339623
49	54	0.023113208
49	55	0.027201258
49	56	0.030660377
49	57	0.033490566
49	58	0.037578616
49	59	0.036320755
49	60	0.038522013
49	61	0.042610063
49	62	0.043238994
49	63	0.042295597
49	64	0.042924528
49	65	0.045125786
49	66	0.047327044
49	67	0.049528302
49	68	0.052358491
49	69	0.057389937
49	70	0.058333333
49	71	0.060849057
49	72	0.062421384
53	1	0.084433962
53	2	0.082232704
53	3	0.07908805
53	4	0.077830189
53	5	0.080974843
53	6	0.080974843
53	7	0.078144654
53	8	0.078773585
53	9	0.078773585
53	10	0.077515723
53	11	0.075628931
53	12	0.073427673
53	13	0.078144654
53	14	0.074685535
53	15	0.072798742
53	16	0.071540881
53	17	0.071226415
53	18	0.067767296
53	19	0.066823899
53	20	0.06745283
53	21	0.064622642
53	22	0.058333333
53	23	0.057389937
53	24	0.052987421
53	25	0.052672956
53	26	0.048899371
53	27	0.047641509
53	28	0.047012579
53	29	0.046069182
53	30	0.045754717
53	31	0.045754717
53	32	0.050157233
53	33	0.049213836
53	34	0.044811321
53	35	0.046383648
53	36	0.041037736
53	37	0.038522013
53	38	0.039465409
53	39	0.03663522
53	40	0.04072327
53	41	0.041352201
53	42	0.037893082
53	43	0.034748428
53	44	0.034433962
53	45	0.032861635
53	46	0.030660377
53	47	0.026886792
53	48	0.025628931
53	49	0.023427673
53	50	0.02091195
53	51	0.016194969
53	52	0.011477987
53	54	0.010220126
53	55	0.016509434
53	56	0.019025157
53	57	0.023742138
53	58	0.027830189
53	59	0.028459119
53	60	0.030031447
53	61	0.036006289
53	62	0.036006289
53	63	0.035062893
53	64	0.037264151
53	65	0.039465409
53	66	0.04072327
53	67	0.043867925
53	68	0.047327044
53	69	0.052044025
53	70	0.053301887
53	71	0.056761006
53	72	0.056761006
57	1	0.09418239
57	2	0.088207547
57	3	0.088207547
57	4	0.086949686
57	5	0.087264151
57	6	0.086949686
57	7	0.084119497
57	8	0.085691824
57	9	0.084119497
57	10	0.083490566
57	11	0.080974843
57	12	0.07908805
57	13	0.084119497
57	14	0.08254717
57	15	0.081289308
57	16	0.078773585
57	17	0.076886792
57	18	0.074056604
57	19	0.075
57	20	0.073427673
57	21	0.069025157
57	22	0.064937107
57	23	0.061163522
57	24	0.057704403
57	25	0.056446541
57	26	0.055503145
57	27	0.053930818
57	28	0.051415094
57	29	0.053930818
57	30	0.053301887
57	31	0.052987421
57	32	0.05581761
57	33	0.054874214
57	34	0.048899371
57	35	0.052672956
57	36	0.047012579
57	37	0.046383648
57	38	0.046383648
57	39	0.044496855
57	40	0.047955975
57	41	0.047955975
57	42	0.045754717
57	43	0.043867925
57	44	0.042610063
57	45	0.040408805
57	46	0.037578616
57	47	0.035691824
57	48	0.036320755
57	49	0.035377358
57	50	0.03254717
57	51	0.025943396
57	52	0.025314465
57	53	0.021540881
57	54	0.018081761
57	55	0.015880503
57	56	0.012421384
57	58	0.013679245
57	59	0.015251572
57	60	0.018081761
57	61	0.025628931
57	62	0.026886792
57	63	0.027515723
57	64	0.02908805
57	65	0.030974843
57	66	0.035062893
57	67	0.036320755
57	68	0.039779874
57	69	0.045125786
57	70	0.04827044
57	71	0.050786164
57	72	0.05172956
61	1	0.101100629
61	2	0.095754717
61	3	0.095754717
61	4	0.094811321
61	5	0.093553459
61	6	0.094811321
61	7	0.092924528
61	8	0.091666667
61	9	0.091037736
61	10	0.086320755
61	11	0.085062893
61	12	0.085691824
61	13	0.090408805
61	14	0.088522013
61	15	0.087893082
61	16	0.085691824
61	17	0.086949686
61	18	0.084119497
61	19	0.084119497
61	20	0.08254717
61	21	0.080031447
61	22	0.074685535
61	23	0.071226415
61	24	0.065251572
61	25	0.063679245
61	26	0.062421384
61	27	0.062421384
61	28	0.060849057
61	29	0.061163522
61	30	0.059591195
61	31	0.059591195
61	32	0.065251572
61	33	0.062735849
61	34	0.057704403
61	35	0.061163522
61	36	0.055503145
61	37	0.05172956
61	38	0.053930818
61	39	0.052358491
61	40	0.057389937
61	41	0.056446541
61	42	0.054245283
61	43	0.052044025
61	44	0.05172956
61	45	0.05172956
61	46	0.047955975
61	47	0.046383648
61	48	0.046383648
61	49	0.045125786
61	50	0.044496855
61	51	0.034433962
61	52	0.037578616
61	53	0.035691824
61	54	0.03254717
61	55	0.031603774
61	56	0.030031447
61	57	0.026886792
61	58	0.019654088
61	59	0.015566038
61	60	0.011477987
61	62	0.00990566
61	63	0.013993711
61	64	0.018396226
61	65	0.025628931
61	66	0.026257862
61	67	0.027830189
61	68	0.029402516
61	69	0.037578616
61	70	0.04009434
61	71	0.042924528
61	72	0.045754717
65	1	0.115251572
65	2	0.112735849
65	3	0.111163522
65	4	0.110849057
65	5	0.107704403
65	6	0.103301887
65	7	0.105503145
65	8	0.107704403
65	9	0.107075472
65	10	0.104245283
65	11	0.103930818
65	12	0.102672956
65	13	0.094811321
65	14	0.091666667
65	15	0.09009434
65	16	0.087264151
65	17	0.085062893
65	18	0.082232704
65	19	0.08254717
65	20	0.079716981
65	21	0.079716981
65	22	0.077830189
65	23	0.077201258
65	24	0.077830189
65	25	0.076886792
65	26	0.078459119
65	27	0.075628931
65	28	0.075628931
65	29	0.075
65	30	0.071855346
65	31	0.071855346
65	32	0.066194969
65	33	0.063993711
65	34	0.060220126
65	35	0.05990566
65	36	0.056761006
65	37	0.053930818
65	38	0.053616352
65	39	0.054245283
65	40	0.056446541
65	41	0.056446541
65	42	0.054245283
65	43	0.052672956
65	44	0.050471698
65	45	0.051415094
65	46	0.047327044
65	47	0.044811321
65	48	0.046383648
65	49	0.044811321
65	50	0.045440252
65	51	0.036320755
65	52	0.04009434
65	53	0.037264151
65	54	0.034748428
65	55	0.034433962
65	56	0.033490566
65	57	0.031603774
65	58	0.030660377
65	59	0.026572327
65	60	0.022484277
65	61	0.022484277
65	62	0.020597484
65	63	0.01336478
65	64	0.008333333
65	66	0.009591195
65	67	0.011477987
65	68	0.015880503
65	69	0.022169811
65	70	0.025628931
65	71	0.027830189
65	72	0.029402516
69	1	0.111477987
69	2	0.109591195
69	3	0.106446541
69	4	0.104874214
69	5	0.104874214
69	6	0.103301887
69	7	0.102987421
69	8	0.103301887
69	9	0.101415094
69	10	0.101100629
69	11	0.099528302
69	12	0.102044025
69	13	0.103930818
69	14	0.103301887
69	15	0.102044025
69	16	0.100786164
69	17	0.097641509
69	18	0.095440252
69	19	0.094496855
69	20	0.094496855
69	21	0.092924528
69	22	0.087578616
69	23	0.085691824
69	24	0.077830189
69	25	0.076886792
69	26	0.076886792
69	27	0.075628931
69	28	0.075628931
69	29	0.075
69	30	0.073113208
69	31	0.071540881
69	32	0.076886792
69	33	0.076886792
69	34	0.071226415
69	35	0.074056604
69	36	0.066194969
69	37	0.065566038
69	38	0.06336478
69	39	0.063679245
69	40	0.069654088
69	41	0.069968553
69	42	0.068081761
69	43	0.066509434
69	44	0.065880503
69	45	0.06336478
69	46	0.062735849
69	47	0.05927673
69	48	0.060220126
69	49	0.05990566
69	50	0.058647799
69	51	0.048584906
69	52	0.053301887
69	53	0.051100629
69	54	0.049842767
69	55	0.051100629
69	56	0.048899371
69	57	0.047641509
69	58	0.045440252
69	59	0.042610063
69	60	0.038207547
69	61	0.036949686
69	62	0.034748428
69	63	0.028056604
69	64	0.027201258
69	65	0.022484277
69	66	0.021226415
69	67	0.014937107
69	68	0.010849057
69	70	0.00990566
69	71	0.019339623
69	72	0.023427673
72	1	0.114308176
72	2	0.110534591
72	3	0.108333333
72	4	0.105188679
72	5	0.100157233
72	6	0.097327044
72	7	0.098899371
72	8	0.098899371
72	9	0.097012579
72	10	0.097012579
72	11	0.097012579
72	12	0.099528302
72	13	0.100786164
72	14	0.099213836
72	15	0.098584906
72	16	0.097955975
72	17	0.097327044
72	18	0.096698113
72	19	0.095754717
72	20	0.095440252
72	21	0.094811321
72	22	0.094496855
72	23	0.090408805
72	24	0.091037736
72	25	0.091352201
72	26	0.09072327
72	27	0.091981132
72	28	0.09009434
72	29	0.088522013
72	30	0.087578616
72	31	0.088836478
72	32	0.085377358
72	33	0.080345912
72	34	0.078459119
72	35	0.077515723
72	36	0.082861635
72	37	0.082861635
72	38	0.084433962
72	39	0.083805031
72	40	0.072798742
72	41	0.071226415
72	42	0.070283019
72	43	0.066194969
72	44	0.067138365
72	45	0.062106918
72	46	0.061477987
72	47	0.061477987
72	48	0.061163522
72	49	0.062735849
72	50	0.060220126
72	51	0.050157233
72	52	0.055503145
72	53	0.054559748
72	54	0.051415094
72	55	0.052987421
72	56	0.052044025
72	57	0.050786164
72	58	0.050157233
72	59	0.04827044
72	60	0.04418239
72	61	0.043238994
72	62	0.039779874
72	63	0.033490566
72	64	0.030345912
72	65	0.030031447
72	66	0.028773585
72	67	0.026257862
72	68	0.024685535
72	69	0.021540881
72	70	0.015566038
72	71	0.00990566
