62
# x z
0	-9.3216552734300
3.903199201	-9.8780517578100
7.996434518	-8.9531250000000
12.08516247	-9.1038818359300
17.48449027	-7.6083984375000
22.02914288	-6.4938964843700
26.86078526	-5.0987548828100
31.57100025	-3.4666748046800
36.31387923	-3.0966796875000
41.07482432	-2.8483886718700
46.00357519	-2.6816406250000
50.98469143	-2.0299072265600
55.71936182	-1.7441406250000
60.15849393	-1.1508789062500
65.17200093	-0.4749755859300
69.80455757	-0.2016601562500
74.84612846	-0.1634521484300
79.91301356	0.0000000000000
84.73546096	-0.4866943359300
89.45416138	-1.1641845703100
94.23463552	-1.9116210937500
98.95277146	-3.0633544921800
103.3002035	-3.2033691406200
108.0992181	-4.3016357421800
113.0254018	-5.8466796875000
116.9487472	-7.2066650390600
121.7143061	-9.2066650390600
126.2502857	-10.7026367187500
130.7427054	-12.7116699218700
135.1462911	-14.5246582031200
140.1053577	-17.0100097656200
144.046923	-19.2395019531200
148.3630556	-21.7152099609300
153.2332191	-24.5966796875000
156.3163285	-26.3066406250000
160.8775863	-28.6252441406200
165.8434198	-27.5966796875000
169.2630071	-25.7749023437500
173.7956373	-23.9191894531200
178.2826941	-22.5607910156200
182.974887	-20.9266357421800
187.7942638	-20.0307617187500
192.4029124	-19.2907714843700
197.1187405	-18.0899658203100
201.9207094	-17.2933349609300
206.1478596	-16.4516601562500
211.2374361	-16.3049316406200
214.8559647	-16.2987060546800
220.3180745	-15.8984375000000
224.9310909	-16.3546142578100
229.8286255	-17.6066894531200
234.4052401	-18.9166259765600
238.8818953	-20.0909423828100
243.5309959	-21.5487060546800
248.2202435	-22.8087158203100
253.1164979	-24.1787109375000
257.9024667	-25.1508789062500
262.6837906	-26.4824218750000
267.8399752	-27.6352539062500
272.4115569	-28.5303955078100
277.1449972	-29.5267333984300
282.0382175	-30.4176025390600



976
# s	g	t
1	2	0.004874214
1	3	0.012421384
1	4	0.00927673
1	5	0.015251572
1	6	0.018396226
1	7	0.019654088
1	8	0.020597484
1	9	0.021855346
1	10	0.019654088
1	11	0.020283019
1	12	0.025943396
1	13	0.026886792
1	14	0.023427673
1	15	0.02908805
1	16	0.031289308
1	17	0.033805031
1	18	0.03663522
1	19	0.037893082
1	20	0.04009434
1	21	0.042610063
1	22	0.047012579
1	23	0.04827044
1	24	0.050471698
1	25	0.050786164
1	26	0.05172956
1	27	0.053616352
1	28	0.054559748
1	29	0.054559748
1	30	0.056132075
1	31	0.056132075
1	32	0.056132075
1	33	0.055188679
1	34	0.05581761
1	35	0.056132075
1	36	0.05581761
1	37	0.052987421
1	38	0.060849057
1	39	0.062735849
1	40	0.065880503
1	41	0.064937107
1	42	0.068396226
1	43	0.070283019
1	44	0.073113208
1	45	0.073427673
1	46	0.068710692
1	47	0.076572327
1	48	0.076886792
1	49	0.07908805
1	50	0.07908805
1	51	0.074685535
1	52	0.079402516
1	53	0.080660377
1	54	0.080660377
1	55	0.08254717
1	56	0.084119497
1	57	0.084119497
1	58	0.085062893
1	59	0.086320755
1	60	0.086949686
1	61	0.088207547
1	62	0.089465409
5	1	0.024292453
5	2	0.014386792
5	3	0.012971698
5	4	0.007311321
5	6	0.006839623
5	7	0.011084906
5	8	0.015801887
5	9	0.017688679
5	10	0.016865417
5	11	0.016865417
5	12	0.023339012
5	13	0.024361158
5	14	0.020272572
5	15	0.02572402
5	16	0.028109029
5	17	0.030494037
5	18	0.033560477
5	19	0.034582624
5	20	0.036626917
5	21	0.039352641
5	22	0.044804089
5	23	0.044463373
5	24	0.047870528
5	25	0.046848382
5	26	0.049574106
5	27	0.050936968
5	28	0.05229983
5	29	0.05229983
5	30	0.053662692
5	31	0.053662692
5	32	0.053662692
5	33	0.053321976
5	34	0.053662692
5	35	0.054003407
5	36	0.052981261
5	37	0.049574106
5	38	0.05911414
5	39	0.060477002
5	40	0.06286201
5	41	0.064224872
5	42	0.068654174
5	43	0.066609881
5	44	0.070698467
5	45	0.071379898
5	46	0.065587734
5	47	0.074105622
5	48	0.074446337
5	49	0.075809199
5	50	0.076149915
5	51	0.071039182
5	52	0.076831346
5	53	0.078534923
5	54	0.078194208
5	55	0.080579216
5	56	0.081942078
5	57	0.08330494
5	58	0.083645656
5	59	0.083986371
5	60	0.084667802
5	61	0.086712095
5	62	0.087393526
9	1	0.020165094
9	2	0.02134434
9	3	0.022523585
9	4	0.01615566
9	5	0.018985849
9	6	0.017099057
9	7	0.013561321
9	8	0.010259434
9	10	0.007429245
9	11	0.010023585
9	12	0.016391509
9	13	0.01875
9	14	0.014976415
9	15	0.020636792
9	16	0.023466981
9	17	0.026061321
9	18	0.029127358
9	19	0.030778302
9	20	0.032429245
9	21	0.035023585
9	22	0.037146226
9	23	0.039976415
9	24	0.043514151
9	25	0.043278302
9	26	0.044221698
9	27	0.046108491
9	28	0.048231132
9	29	0.048938679
9	30	0.049646226
9	31	0.049882075
9	32	0.050117925
9	33	0.049174528
9	34	0.049410377
9	35	0.050117925
9	36	0.049174528
9	37	0.046580189
9	38	0.055070755
9	39	0.056721698
9	40	0.060023585
9	41	0.059316038
9	42	0.063561321
9	43	0.063089623
9	44	0.067099057
9	45	0.068985849
9	46	0.062382075
9	47	0.071108491
9	48	0.072523585
9	49	0.072995283
9	50	0.073466981
9	51	0.066391509
9	52	0.07370283
9	53	0.075589623
9	54	0.075589623
9	55	0.076768868
9	56	0.078183962
9	57	0.07865566
9	58	0.078419811
9	59	0.080542453
9	60	0.081485849
9	61	0.083372642
9	62	0.087853774
13	1	0.025353774
13	2	0.027240566
13	3	0.027004717
13	4	0.02134434
13	5	0.02370283
13	6	0.02370283
13	7	0.021816038
13	8	0.02134434
13	9	0.019693396
13	10	0.014504717
13	11	0.012146226
13	12	0.008136792
13	14	0.00625
13	15	0.011910377
13	16	0.016627358
13	17	0.020165094
13	18	0.023231132
13	19	0.024646226
13	20	0.027712264
13	21	0.030542453
13	22	0.029834906
13	23	0.03620283
13	24	0.039033019
13	25	0.039268868
13	26	0.040919811
13	27	0.043042453
13	28	0.044457547
13	29	0.044929245
13	30	0.046108491
13	31	0.046108491
13	32	0.046580189
13	33	0.04634434
13	34	0.045872642
13	35	0.046580189
13	36	0.045872642
13	37	0.042570755
13	38	0.051768868
13	39	0.052712264
13	40	0.056485849
13	41	0.054363208
13	42	0.061910377
13	43	0.057900943
13	44	0.064268868
13	45	0.065919811
13	46	0.058372642
13	47	0.067806604
13	48	0.068985849
13	49	0.069693396
13	50	0.069693396
13	51	0.064268868
13	52	0.069929245
13	53	0.071816038
13	54	0.073466981
13	55	0.073466981
13	56	0.074646226
13	57	0.074882075
13	58	0.075353774
13	59	0.077004717
13	60	0.077948113
13	61	0.080070755
13	62	0.080542453
17	1	0.034316038
17	2	0.035023585
17	3	0.034316038
17	4	0.028419811
17	5	0.030070755
17	6	0.029834906
17	7	0.027476415
17	8	0.027240566
17	9	0.027004717
17	10	0.019457547
17	11	0.018514151
17	12	0.022523585
17	13	0.020165094
17	14	0.012617925
17	15	0.012617925
17	16	0.008608491
17	18	0.009080189
17	19	0.013325472
17	20	0.017806604
17	21	0.022995283
17	22	0.025117925
17	23	0.030778302
17	24	0.034551887
17	25	0.035731132
17	26	0.038325472
17	27	0.03879717
17	28	0.041863208
17	29	0.042099057
17	30	0.042334906
17	31	0.042806604
17	32	0.043278302
17	33	0.042806604
17	34	0.042570755
17	35	0.043514151
17	36	0.041863208
17	37	0.039740566
17	38	0.039976415
17	39	0.041627358
17	40	0.044929245
17	41	0.046580189
17	42	0.049882075
17	43	0.05129717
17	44	0.055070755
17	45	0.054599057
17	46	0.054363208
17	47	0.059316038
17	48	0.061438679
17	49	0.065919811
17	50	0.06615566
17	51	0.068278302
17	52	0.069221698
17	53	0.068514151
17	54	0.069929245
17	55	0.071580189
17	56	0.072523585
17	57	0.07370283
17	58	0.074646226
17	59	0.074646226
17	60	0.074410377
17	61	0.07629717
17	62	0.077712264
21	1	0.039033019
21	2	0.042334906
21	3	0.041627358
21	4	0.034551887
21	5	0.039033019
21	6	0.03879717
21	7	0.035731132
21	8	0.035966981
21	9	0.034787736
21	10	0.029363208
21	11	0.028183962
21	12	0.030778302
21	13	0.029599057
21	14	0.022051887
21	15	0.025117925
21	16	0.025353774
21	17	0.022523585
21	18	0.01875
21	19	0.014504717
21	20	0.010731132
21	22	0.010259434
21	23	0.016391509
21	24	0.025353774
21	25	0.027004717
21	26	0.030778302
21	27	0.034787736
21	28	0.037146226
21	29	0.037617925
21	30	0.039033019
21	31	0.039504717
21	32	0.039268868
21	33	0.039033019
21	34	0.037853774
21	35	0.039033019
21	36	0.038089623
21	37	0.035259434
21	38	0.043042453
21	39	0.046108491
21	40	0.049882075
21	41	0.046580189
21	42	0.054599057
21	43	0.050353774
21	44	0.056014151
21	45	0.056721698
21	46	0.050117925
21	47	0.060259434
21	48	0.061674528
21	49	0.062382075
21	50	0.062617925
21	51	0.056485849
21	52	0.062853774
21	53	0.064033019
21	54	0.064268868
21	55	0.065919811
21	56	0.066627358
21	57	0.067334906
21	58	0.067806604
21	59	0.068514151
21	60	0.069693396
21	61	0.071816038
21	62	0.073231132
25	1	0.045872642
25	2	0.049882075
25	3	0.049646226
25	4	0.042570755
25	5	0.046580189
25	6	0.045872642
25	7	0.044221698
25	8	0.044457547
25	9	0.043278302
25	10	0.036674528
25	11	0.034787736
25	12	0.040212264
25	13	0.03879717
25	14	0.029599057
25	15	0.035259434
25	16	0.035023585
25	17	0.034316038
25	18	0.032900943
25	19	0.031721698
25	20	0.028891509
25	21	0.02865566
25	22	0.023938679
25	23	0.018985849
25	24	0.010259434
25	26	0.00625
25	27	0.012853774
25	28	0.02134434
25	29	0.027476415
25	30	0.031721698
25	31	0.032193396
25	32	0.032900943
25	33	0.033136792
25	34	0.033608491
25	35	0.03384434
25	36	0.032900943
25	37	0.029834906
25	38	0.038089623
25	39	0.04115566
25	40	0.045165094
25	41	0.043042453
25	42	0.045872642
25	43	0.044929245
25	44	0.051768868
25	45	0.051768868
25	46	0.052948113
25	47	0.055542453
25	48	0.056721698
25	49	0.057665094
25	50	0.056721698
25	51	0.053183962
25	52	0.057429245
25	53	0.059316038
25	54	0.059080189
25	55	0.060259434
25	56	0.061910377
25	57	0.061910377
25	58	0.06379717
25	59	0.065448113
25	60	0.065448113
25	61	0.067099057
25	62	0.068042453
29	1	0.050353774
29	2	0.055070755
29	3	0.054834906
29	4	0.047759434
29	5	0.051768868
29	6	0.051533019
29	7	0.049174528
29	8	0.049410377
29	9	0.04870283
29	10	0.04115566
29	11	0.040212264
29	12	0.045636792
29	13	0.044693396
29	14	0.034787736
29	15	0.040448113
29	16	0.041391509
29	17	0.041863208
29	18	0.040919811
29	19	0.039504717
29	20	0.038089623
29	21	0.037853774
29	22	0.035495283
29	23	0.03620283
29	24	0.033608491
29	25	0.029599057
29	26	0.026768868
29	27	0.020165094
29	28	0.014495283
29	30	0.012023585
29	31	0.018985849
29	32	0.025117925
29	33	0.027712264
29	34	0.028183962
29	35	0.028419811
29	36	0.028183962
29	37	0.025589623
29	38	0.033608491
29	39	0.037146226
29	40	0.041391509
29	41	0.037382075
29	42	0.044221698
29	43	0.040212264
29	44	0.046580189
29	45	0.048466981
29	46	0.042334906
29	47	0.050825472
29	48	0.050117925
29	49	0.053183962
29	50	0.051768868
29	51	0.046816038
29	52	0.054363208
29	53	0.054834906
29	54	0.055306604
29	55	0.056485849
29	56	0.057900943
29	57	0.058372642
29	58	0.058372642
29	59	0.060023585
29	60	0.06120283
29	61	0.062617925
29	62	0.066627358
33	1	0.053419811
33	2	0.055070755
33	3	0.055542453
33	4	0.049410377
33	5	0.052948113
33	6	0.052712264
33	7	0.050117925
33	8	0.050589623
33	9	0.049174528
33	10	0.042334906
33	11	0.041391509
33	12	0.046816038
33	13	0.044693396
33	14	0.037146226
33	15	0.040919811
33	16	0.041627358
33	17	0.041627358
33	18	0.040919811
33	19	0.039504717
33	20	0.039033019
33	21	0.039268868
33	22	0.039033019
33	23	0.037853774
33	24	0.036674528
33	25	0.033136792
33	26	0.031721698
33	27	0.030306604
33	28	0.028891509
33	29	0.027240566
33	30	0.022287736
33	31	0.016627358
33	32	0.011551887
33	34	0.012617925
33	35	0.014504717
33	36	0.01615566
33	37	0.015683962
33	38	0.022523585
33	39	0.025589623
33	40	0.029834906
33	41	0.026533019
33	42	0.033608491
33	43	0.031721698
33	44	0.035495283
33	45	0.036910377
33	46	0.031485849
33	47	0.039504717
33	48	0.040448113
33	49	0.041627358
33	50	0.041627358
33	51	0.036674528
33	52	0.040919811
33	53	0.042570755
33	54	0.043278302
33	55	0.044221698
33	56	0.046108491
33	57	0.046580189
33	58	0.047523585
33	59	0.048466981
33	60	0.049646226
33	61	0.050589623
33	62	0.052476415
37	1	0.055542453
37	2	0.057429245
37	3	0.058136792
37	4	0.05129717
37	5	0.055306604
37	6	0.054834906
37	7	0.052712264
37	8	0.052948113
37	9	0.051533019
37	10	0.046580189
37	11	0.043985849
37	12	0.048938679
37	13	0.046580189
37	14	0.039268868
37	15	0.043278302
37	16	0.043985849
37	17	0.04375
37	18	0.043514151
37	19	0.042334906
37	20	0.041391509
37	21	0.041863208
37	22	0.040212264
37	23	0.039740566
37	24	0.039033019
37	25	0.036674528
37	26	0.034787736
37	27	0.034080189
37	28	0.032665094
37	29	0.031014151
37	30	0.028419811
37	31	0.024882075
37	32	0.022051887
37	33	0.019457547
37	34	0.017099057
37	35	0.013089623
37	36	0.010608491
37	38	0.010023585
37	39	0.014268868
37	40	0.01875
37	41	0.01875
37	42	0.023938679
37	43	0.022523585
37	44	0.027004717
37	45	0.029127358
37	46	0.022287736
37	47	0.030542453
37	48	0.033136792
37	49	0.035259434
37	50	0.035023585
37	51	0.02865566
37	52	0.03384434
37	53	0.035023585
37	54	0.035495283
37	55	0.03620283
37	56	0.037853774
37	57	0.03879717
37	58	0.03879717
37	59	0.040919811
37	60	0.041863208
37	61	0.042806604
37	62	0.045400943
41	1	0.067099057
41	2	0.068985849
41	3	0.069221698
41	4	0.062146226
41	5	0.065919811
41	6	0.06615566
41	7	0.064976415
41	8	0.06379717
41	9	0.06379717
41	10	0.057665094
41	11	0.055542453
41	12	0.060495283
41	13	0.05884434
41	14	0.049410377
41	15	0.055306604
41	16	0.05625
41	17	0.05625
41	18	0.055306604
41	19	0.05365566
41	20	0.052476415
41	21	0.053183962
41	22	0.049174528
41	23	0.052240566
41	24	0.051533019
41	25	0.049410377
41	26	0.046580189
41	27	0.045400943
41	28	0.044457547
41	29	0.043042453
41	30	0.039740566
41	31	0.037382075
41	32	0.03384434
41	33	0.03125
41	34	0.02865566
41	35	0.026533019
41	36	0.02134434
41	37	0.017334906
41	38	0.02134434
41	39	0.015919811
41	40	0.009551887
41	42	0.011910377
41	43	0.016391509
41	44	0.02629717
41	45	0.026533019
41	46	0.020872642
41	47	0.029599057
41	48	0.030542453
41	49	0.032900943
41	50	0.033136792
41	51	0.027476415
41	52	0.03384434
41	53	0.035495283
41	54	0.035023585
41	55	0.036910377
41	56	0.038089623
41	57	0.039504717
41	58	0.039976415
41	59	0.041391509
41	60	0.042334906
41	61	0.043278302
41	62	0.044457547
45	1	0.072287736
45	2	0.074410377
45	3	0.073231132
45	4	0.066627358
45	5	0.067099057
45	6	0.070872642
45	7	0.069929245
45	8	0.06875
45	9	0.066863208
45	10	0.064740566
45	11	0.060966981
45	12	0.068042453
45	13	0.063561321
45	14	0.056485849
45	15	0.061910377
45	16	0.062617925
45	17	0.062617925
45	18	0.062617925
45	19	0.060259434
45	20	0.05884434
45	21	0.05884434
45	22	0.060023585
45	23	0.057665094
45	24	0.056485849
45	25	0.054127358
45	26	0.052004717
45	27	0.050589623
45	28	0.049882075
45	29	0.047523585
45	30	0.044693396
45	31	0.042099057
45	32	0.038561321
45	33	0.036438679
45	34	0.033372642
45	35	0.030778302
45	36	0.028183962
45	37	0.022995283
45	38	0.027948113
45	39	0.02629717
45	40	0.025353774
45	41	0.022051887
45	42	0.023231132
45	43	0.018514151
45	44	0.012382075
45	46	0.01120283
45	47	0.015212264
45	48	0.020165094
45	49	0.023466981
45	50	0.024410377
45	51	0.020400943
45	52	0.027240566
45	53	0.027948113
45	54	0.028183962
45	55	0.029363208
45	56	0.030778302
45	57	0.031721698
45	58	0.031721698
45	59	0.03384434
45	60	0.034080189
45	61	0.035731132
45	62	0.036910377
49	1	0.083136792
49	2	0.079834906
49	3	0.07865566
49	4	0.073231132
49	5	0.076768868
49	6	0.07629717
49	7	0.075589623
49	8	0.074174528
49	9	0.071816038
49	10	0.069221698
49	11	0.065212264
49	12	0.071580189
49	13	0.068985849
49	14	0.060259434
49	15	0.065919811
49	16	0.067099057
49	17	0.066863208
49	18	0.064268868
49	19	0.06379717
49	20	0.062382075
49	21	0.061910377
49	22	0.059316038
49	23	0.060731132
49	24	0.060495283
49	25	0.057193396
49	26	0.056014151
49	27	0.054127358
49	28	0.05365566
49	29	0.052240566
49	30	0.04870283
49	31	0.045872642
49	32	0.042099057
49	33	0.041391509
49	34	0.037617925
49	35	0.035731132
49	36	0.031485849
49	37	0.027476415
49	38	0.032429245
49	39	0.03125
49	40	0.031014151
49	41	0.028183962
49	42	0.030542453
49	43	0.025825472
49	44	0.026768868
49	45	0.024174528
49	46	0.014976415
49	47	0.01379717
49	48	0.009551887
49	50	0.00884434
49	51	0.01120283
49	52	0.016627358
49	53	0.019693396
49	54	0.020636792
49	55	0.023231132
49	56	0.024882075
49	57	0.025353774
49	58	0.027004717
49	59	0.028419811
49	60	0.029363208
49	61	0.030070755
49	62	0.032429245
53	1	0.080778302
53	2	0.081721698
53	3	0.081014151
53	4	0.077712264
53	5	0.078891509
53	6	0.077712264
53	7	0.076061321
53	8	0.07629717
53	9	0.074174528
53	10	0.070872642
53	11	0.070400943
53	12	0.072287736
53	13	0.072051887
53	14	0.071580189
53	15	0.071108491
53	16	0.070165094
53	17	0.070165094
53	18	0.068985849
53	19	0.068042453
53	20	0.06615566
53	21	0.064976415
53	22	0.066391509
53	23	0.064740566
53	24	0.06379717
53	25	0.060966981
53	26	0.059316038
53	27	0.05884434
53	28	0.058608491
53	29	0.057429245
53	30	0.054834906
53	31	0.049174528
53	32	0.045400943
53	33	0.043278302
53	34	0.040919811
53	35	0.039504717
53	36	0.035259434
53	37	0.031485849
53	38	0.036438679
53	39	0.034551887
53	40	0.034080189
53	41	0.032193396
53	42	0.03384434
53	43	0.028183962
53	44	0.02865566
53	45	0.027004717
53	46	0.020872642
53	47	0.025117925
53	48	0.022051887
53	49	0.021108491
53	50	0.015683962
53	51	0.010495283
53	52	0.007900943
53	54	0.00884434
53	55	0.013561321
53	56	0.017334906
53	57	0.018985849
53	58	0.019929245
53	59	0.022995283
53	60	0.023466981
53	61	0.025825472
53	62	0.02865566
57	1	0.083136792
57	2	0.084787736
57	3	0.084080189
57	4	0.078419811
57	5	0.082193396
57	6	0.081957547
57	7	0.079834906
57	8	0.079834906
57	9	0.078891509
57	10	0.072995283
57	11	0.072759434
57	12	0.075825472
57	13	0.074174528
57	14	0.065919811
57	15	0.070872642
57	16	0.071580189
57	17	0.070165094
57	18	0.069693396
57	19	0.068042453
57	20	0.068042453
57	21	0.068514151
57	22	0.068278302
57	23	0.068042453
57	24	0.066391509
57	25	0.064033019
57	26	0.061910377
57	27	0.059787736
57	28	0.057665094
57	29	0.056485849
57	30	0.055306604
57	31	0.051533019
57	32	0.04870283
57	33	0.046108491
57	34	0.043514151
57	35	0.041627358
57	36	0.038089623
57	37	0.034080189
57	38	0.038561321
57	39	0.037853774
57	40	0.037853774
57	41	0.035966981
57	42	0.038561321
57	43	0.032193396
57	44	0.033136792
57	45	0.030306604
57	46	0.024410377
57	47	0.027712264
57	48	0.02629717
57	49	0.024882075
57	50	0.022759434
57	51	0.016627358
57	52	0.018042453
57	53	0.016391509
57	54	0.014033019
57	55	0.012853774
57	56	0.007429245
57	58	0.007429245
57	59	0.01120283
57	60	0.013561321
57	61	0.015448113
57	62	0.019929245
61	1	0.088561321
61	2	0.086910377
61	3	0.087146226
61	4	0.082193396
61	5	0.081014151
61	6	0.085023585
61	7	0.083136792
61	8	0.083136792
61	9	0.081721698
61	10	0.078419811
61	11	0.074882075
61	12	0.080542453
61	13	0.078419811
61	14	0.070400943
61	15	0.07629717
61	16	0.075825472
61	17	0.074882075
61	18	0.074882075
61	19	0.072759434
61	20	0.072759434
61	21	0.072523585
61	22	0.071108491
61	23	0.071108491
61	24	0.069457547
61	25	0.067806604
61	26	0.065919811
61	27	0.064504717
61	28	0.063089623
61	29	0.060495283
61	30	0.05884434
61	31	0.055070755
61	32	0.052240566
61	33	0.049882075
61	34	0.047759434
61	35	0.045872642
61	36	0.041863208
61	37	0.037617925
61	38	0.042334906
61	39	0.041627358
61	40	0.041627358
61	41	0.03879717
61	42	0.042334906
61	43	0.035023585
61	44	0.037617925
61	45	0.035495283
61	46	0.028891509
61	47	0.032900943
61	48	0.031957547
61	49	0.029127358
61	50	0.027004717
61	51	0.021108491
61	52	0.023231132
61	53	0.022287736
61	54	0.022287736
61	55	0.020872642
61	56	0.018514151
61	57	0.015919811
61	58	0.012617925
61	59	0.009787736
61	60	0.005542453
61	62	0.001533019
